"monthly_trend","total_revenue","previous_month_revenue","revenue_change","growth_percentage"
"2021-08",10387058.63,NULL,NULL,NULL
"2021-09",308972333.54,10387058.63,298585274.91,2874.59
"2021-10",321205408.12,308972333.54,12233074.58,3.96
"2021-11",310041815.55,321205408.12,-11163592.57,-3.48
"2021-12",320218847.95,310041815.55,10177032.40,3.28
"2022-01",319623221.95,320218847.95,-595626.00,-0.19
"2022-02",290205517.47,319623221.95,-29417704.48,-9.20
"2022-03",320951602.98,290205517.47,30746085.51,10.59
"2022-04",308438566.05,320951602.98,-12513036.93,-3.90
"2022-05",320645022.30,308438566.05,12206456.25,3.96
"2022-06",309879240.15,320645022.30,-10765782.15,-3.36
"2022-07",320808451.04,309879240.15,10929210.89,3.53
"2022-08",321614459.89,320808451.04,806008.85,0.25
"2022-09",308943910.34,321614459.89,-12670549.55,-3.94
"2022-10",319530527.90,308943910.34,10586617.56,3.43
"2022-11",310886792.89,319530527.90,-8643735.01,-2.71
"2022-12",320391039.55,310886792.89,9504246.66,3.06
"2023-01",318712242.87,320391039.55,-1678796.68,-0.52
"2023-02",288694488.61,318712242.87,-30017754.26,-9.42
"2023-03",320446899.60,288694488.61,31752410.99,11.00
"2023-04",308268185.17,320446899.60,-12178714.43,-3.80
"2023-05",319340706.48,308268185.17,11072521.31,3.59
"2023-06",308460548.75,319340706.48,-10880157.73,-3.41
"2023-07",319406540.66,308460548.75,10945991.91,3.55
"2023-08",319431552.87,319406540.66,25012.21,0.01
"2023-09",308712939.39,319431552.87,-10718613.48,-3.36
"2023-10",321354426.05,308712939.39,12641486.66,4.09
"2023-11",310449473.85,321354426.05,-10904952.20,-3.39
"2023-12",319398628.97,310449473.85,8949155.12,2.88
"2024-01",318674438.08,319398628.97,-724190.89,-0.23
"2024-02",300269965.64,318674438.08,-18404472.44,-5.78
"2024-03",319631132.92,300269965.64,19361167.28,6.45
"2024-04",309859433.05,319631132.92,-9771699.87,-3.06
"2024-05",321122725.80,309859433.05,11263292.75,3.63
"2024-06",310564549.25,321122725.80,-10558176.55,-3.29
"2024-07",320554159.37,310564549.25,9989610.12,3.22
"2024-08",320445778.62,320554159.37,-108380.75,-0.03
"2024-09",309957776.63,320445778.62,-10488001.99,-3.27
"2024-10",319108217.76,309957776.63,9150441.13,2.95
"2024-11",308479393.37,319108217.76,-10628824.39,-3.33
"2024-12",320221215.75,308479393.37,11741822.38,3.81
"2025-01",320106449.36,320221215.75,-114766.39,-0.04
"2025-02",289494118.34,320106449.36,-30612331.02,-9.56
"2025-03",320916697.74,289494118.34,31422579.40,10.85
"2025-04",309588854.88,320916697.74,-11327842.86,-3.53
"2025-05",320441906.57,309588854.88,10853051.69,3.51
"2025-06",308777071.77,320441906.57,-11664834.80,-3.64
"2025-07",319778557.88,308777071.77,11001486.11,3.56
"2025-08",310599216.96,319778557.88,-9179340.92,-2.87
